  0  288.15  101325  1.225  340.3  148.21  148.21  0.224   49696  164112   33546    126.15  0.973   3911   15.11
  5  287.16   99508  1.207  339.7  149.28  148.21  0.226   49696  162970   31609    125.53  0.972   3962   15.19
 10  286.17   97717  1.190  339.1  150.36  148.21  0.228   49696  161751   31611    124.86  0.972   3952   15.04
 15  285.18   95952  1.172  338.5  156.57  153.21  0.238   49696  159105   31045    124.01  0.969   4039   14.76
 20  284.19   94213  1.155  337.9  157.71  153.21  0.240   49696  157772   34339    123.25  0.969   3919   14.21
 30  282.21   90812  1.121  336.8  180.89  173.21  0.276   49696  150112   29752    121.43  0.959   4341   13.71
 40  280.23   87511  1.088  335.6  215.24  203.21  0.330   49696  141121   27988    120.19  0.944   4775   12.65
 60  276.26   81200  1.024  333.2  272.30  250.00  0.420   49696  127975   31358    118.18  0.913   4993   10.43
 80  272.30   75262  0.963  330.8  280.34  250.00  0.436   49696  122379   31263    114.22  0.908   4818    9.77
100  268.34   69682  0.905  328.4  345.37  300.00  0.541   49696  110953   39530    112.23  0.868   4449    7.31
120  264.38   64441  0.849  326.0  355.51  300.00  0.561   49696  105496   39310    107.92  0.860   4206    6.71
140  260.41   59524  0.796  323.5  366.04  300.00  0.582   49696   99966   39055    103.45  0.852   3947    6.11
160  256.45   54915  0.746  321.0  376.97  300.00  0.604   49696   94463   38774     98.89  0.843   3679    5.53
180  252.49   50600  0.698  318.5  388.32  300.00  0.627   49696   89069   38483     94.34  0.834   3405    4.97
200  248.53   46563  0.653  316.0  400.10  300.00  0.651   49696   83850   38215     89.85  0.825   3129    4.43
220  244.56   42791  0.610  313.5  412.32  300.00  0.677   49696   78865   38018     85.49  0.815   2852    3.92
240  240.60   39271  0.569  311.0  425.00  300.00  0.703   49696   74160   37963     81.31  0.804   2572    3.43
260  236.64   35989  0.530  308.4  438.16  300.00  0.731   49696   69774   38129     77.35  0.794   2287    2.95
280  232.68   32932  0.493  305.8  451.80  300.00  0.760   49696   65742   38566     73.67  0.783   1997    2.50
290  230.70   31485  0.475  304.5  458.81  300.00  0.775   49696   63867   38888     71.93  0.777   1850    2.28
310  226.73   28745  0.442  301.9  457.68  289.21  0.780   49696   59674   36666     67.26  1.088   2381    2.94
330  222.77   26201  0.410  299.2  453.66  276.67  0.780   49696   55455   34151     62.42  1.088   2185    2.73
350  218.81   23842  0.380  296.5  449.61  264.42  0.780   49696   51354   31930     57.72  1.088   1975    2.49
370  216.65   21663  0.348  295.1  447.38  252.49  0.780   49696   47403   30026     53.40  1.000   1615    2.04
390  216.65   19677  0.316  295.1  447.38  241.02  0.780   49696   43670   28496     49.53  1.000   1411    1.78
410  216.65   17874  0.287  295.1  447.38  230.05  0.780   49696   40170   27392     45.85  1.000   1188    1.50
  0  288.15  101325  1.225  340.3  172.19  172.19  0.260   67735  157602   45796    125.83  0.964   2829    9.34
  5  287.16   99508  1.207  339.7  173.43  172.19  0.263   67735  156566   43226    125.20  0.963   2886    9.46
 10  286.17   97717  1.190  339.1  174.68  172.19  0.265   67735  155454   43230    124.53  0.963   2877    9.36
 15  285.18   95952  1.172  338.5  181.05  177.19  0.275   67735  153074   42503    123.83  0.960   2929    9.19
 20  284.19   94213  1.155  337.9  182.37  177.19  0.278   67735  151846   47293    123.08  0.959   2788    8.68
 30  282.21   90812  1.121  336.8  205.88  197.19  0.314   67735  144954   40923    121.76  0.948   3097    8.54
 40  280.23   87511  1.088  335.6  240.54  227.19  0.369   67735  136809   37621    120.92  0.931   3387    7.99
 60  276.26   81200  1.024  333.2  272.30  250.00  0.420   67735  127975   37801    118.18  0.913   3419    7.12
 80  272.30   75262  0.963  330.8  280.34  250.00  0.436   67735  122379   37592    114.22  0.908   3289    6.65
100  268.34   69682  0.905  328.4  345.37  300.00  0.541   67735  110953   43105    112.23  0.868   3101    5.09
120  264.38   64441  0.849  326.0  355.51  300.00  0.561   67735  105496   42793    107.92  0.860   2923    4.66
140  260.41   59524  0.796  323.5  366.04  300.00  0.582   67735   99966   42460    103.45  0.852   2734    4.23
160  256.45   54915  0.746  321.0  376.97  300.00  0.604   67735   94463   42122     98.89  0.843   2537    3.81
180  252.49   50600  0.698  318.5  388.32  300.00  0.627   67735   89069   41806     94.34  0.834   2334    3.40
200  248.53   46563  0.653  316.0  400.10  300.00  0.651   67735   83850   41551     89.85  0.825   2128    3.01
220  244.56   42791  0.610  313.5  412.32  300.00  0.677   67735   78865   41410     85.49  0.815   1918    2.63
240  240.60   39271  0.569  311.0  425.00  300.00  0.703   67735   74160   41435     81.31  0.804   1706    2.27
260  236.64   35989  0.530  308.4  438.16  300.00  0.731   67735   69774   41642     77.35  0.794   1492    1.93
280  232.68   32932  0.493  305.8  451.80  300.00  0.760   67735   65742   41956     73.67  0.783   1282    1.61
290  230.70   31485  0.475  304.5  458.81  300.00  0.775   67735   63867   42142     71.93  0.777   1181    1.46
310  226.73   28745  0.442  301.9  457.68  289.21  0.780   67735   59674   40290     67.26  1.088   1472    1.82
330  222.77   26201  0.410  299.2  453.66  276.67  0.780   67735   55455   38417     62.42  1.088   1282    1.60
350  218.81   23842  0.380  296.5  449.61  264.42  0.780   67735   51354   37089     57.72  1.088   1064    1.34
370  216.65   21663  0.348  295.1  447.38  252.49  0.780   67735   47403   36474     53.40  1.000    745    0.94
390  216.65   19677  0.316  295.1  447.38  241.02  0.780   67735   43670   36842     49.53  1.000    466    0.59
410  216.65   17874  0.287  295.1  447.38  230.05  0.780   67735   40170   38599     45.85  1.000    107    0.14
  0  288.15  101325  1.225  340.3  185.58  185.58  0.281   79016  154294   53463    125.87  0.958   2343    7.16
  5  287.16   99508  1.207  339.7  186.91  185.58  0.283   79016  153314   50502    125.26  0.958   2405    7.30
 10  286.17   97717  1.190  339.1  188.26  185.58  0.286   79016  152258   50508    124.60  0.957   2395    7.22
 15  285.18   95952  1.172  338.5  194.72  190.58  0.296   79016  150011   49690    123.96  0.954   2435    7.09
 20  284.19   94213  1.155  337.9  196.13  190.58  0.299   79016  148839   55481    123.23  0.953   2281    6.59
 30  282.21   90812  1.121  336.8  219.82  210.58  0.336   79016  142322   47951    122.08  0.942   2553    6.59
 40  280.23   87511  1.088  335.6  254.65  240.58  0.390   79016  134576   43616    121.36  0.924   2796    6.23
 60  276.26   81200  1.024  333.2  272.30  250.00  0.420   79016  127975   43088    118.18  0.913   2759    5.74
 80  272.30   75262  0.963  330.8  280.34  250.00  0.436   79016  122379   42819    114.22  0.908   2646    5.35
100  268.34   69682  0.905  328.4  345.37  300.00  0.541   79016  110953   45987    112.23  0.868   2545    4.17
120  264.38   64441  0.849  326.0  355.51  300.00  0.561   79016  105496   45617    107.92  0.860   2393    3.81
140  260.41   59524  0.796  323.5  366.04  300.00  0.582   79016   99966   45239    103.45  0.852   2230    3.45
160  256.45   54915  0.746  321.0  376.97  300.00  0.604   79016   94463   44875     98.89  0.843   2060    3.09
180  252.49   50600  0.698  318.5  388.32  300.00  0.627   79016   89069   44558     94.34  0.834   1884    2.75
200  248.53   46563  0.653  316.0  400.10  300.00  0.651   79016   83850   44334     89.85  0.825   1704    2.41
220  244.56   42791  0.610  313.5  412.32  300.00  0.677   79016   78865   44252     85.49  0.815   1520    2.09
240  240.60   39271  0.569  311.0  425.00  300.00  0.703   79016   74160   44345     81.31  0.804   1332    1.77
260  236.64   35989  0.530  308.4  438.16  300.00  0.731   79016   69774   44576     77.35  0.794   1145    1.48
280  232.68   32932  0.493  305.8  451.80  300.00  0.760   79016   65742   44828     73.67  0.783    966    1.21
290  230.70   31485  0.475  304.5  458.81  300.00  0.775   79016   63867   45023     71.93  0.777    878    1.08
310  226.73   28745  0.442  301.9  457.68  289.21  0.780   79016   59674   43722     67.26  1.088   1038    1.28
330  222.77   26201  0.410  299.2  453.66  276.67  0.780   79016   55455   42703     62.42  1.088    823    1.03
350  218.81   23842  0.380  296.5  449.61  264.42  0.780   79016   51354   42646     57.72  1.088    557    0.70
370  216.65   21663  0.348  295.1  447.38  252.49  0.780   79016   47403   43978     53.40  1.000    200    0.25
390  216.65   19677  0.316  295.1  447.38  241.02  0.780   79016   43670   47352     49.53  1.000   -215   -0.27
410  216.65   17874  0.287  295.1  447.38  230.05  0.780   79016   40170   53805     45.85  1.000   -797   -1.01
  0  288.15  101325  1.225  340.3  135.19  135.19  0.204   49696   31978   58080     41.79  0.977    716   -3.00
  5  287.16   99508  1.207  339.7  136.17  135.19  0.206   49696   31965   58078     41.34  0.977    722   -3.00
 10  286.17   97717  1.190  339.1  142.23  140.19  0.216   49696   33039   59208     41.38  0.975    754   -3.00
 15  285.18   95952  1.172  338.5  153.48  150.19  0.233   49696   15900   42179     25.53  0.971    813   -3.00
 20  284.19   94213  1.155  337.9  185.45  180.19  0.282   49696    4315   28978     13.51  0.958    910   -2.78
 30  282.21   90812  1.121  336.8  229.62  220.00  0.351   49696    3109   28608     13.40  0.937   1140   -2.81
 40  280.23   87511  1.088  335.6  232.96  220.00  0.357   49696    3040   28568     13.15  0.935   1155   -2.81
 60  276.26   81200  1.024  333.2  272.30  250.00  0.420   49696    1806   31358     12.71  0.913   1527   -3.17
 80  272.30   75262  0.963  330.8  280.34  250.00  0.436   49696    1537   31263     12.18  0.908   1572   -3.17
100  268.34   69682  0.905  328.4  334.08  290.00  0.523   49696    -747   37577     11.69  0.875   2327   -3.94
120  264.38   64441  0.849  326.0  343.94  290.00  0.543   49696   -1177   37384     11.17  0.867   2390   -3.93
140  260.41   59524  0.796  323.5  354.19  290.00  0.563   49696   -1600   37156     10.67  0.859   2451   -3.92
160  256.45   54915  0.746  321.0  364.83  290.00  0.585   49696   -1975   36898     10.20  0.851   2508   -3.89
180  252.49   50600  0.698  318.5  375.89  290.00  0.607   49696   -2272   36620      9.75  0.842   2558   -3.85
200  248.53   46563  0.653  316.0  387.37  290.00  0.631   49696   -2473   36342      9.34  0.833   2602   -3.80
220  244.56   42791  0.610  313.5  399.30  290.00  0.655   49696   -2569   36097      8.94  0.823   2641   -3.74
240  240.60   39271  0.569  311.0  411.68  290.00  0.681   49696   -2561   35938      8.57  0.813   2678   -3.68
260  236.64   35989  0.530  308.4  424.53  290.00  0.708   49696   -2460   35932      8.21  0.803   2718   -3.62
280  232.68   32932  0.493  305.8  437.87  290.00  0.737   49696   -2285   36140      7.85  0.792   2767   -3.58
290  230.70   31485  0.475  304.5  444.73  290.00  0.751   49696   -2177   36330      7.67  0.786   2797   -3.56
310  226.73   28745  0.442  301.9  457.68  289.21  0.780   49696   -1930   36666      7.33  1.088   3994   -4.94
330  222.77   26201  0.410  299.2  453.66  276.67  0.780   49696   -1498   34151      7.17  1.088   3657   -4.57
350  218.81   23842  0.380  296.5  449.61  264.42  0.780   49696   -1113   31930      7.03  1.088   3359   -4.23
370  216.65   21663  0.348  295.1  447.38  252.49  0.780   49696    -769   30026      6.92  1.000   2863   -3.62
390  216.65   19677  0.316  295.1  447.38  241.02  0.780   49696    -467   28496      6.82  1.000   2692   -3.41
410  216.65   17874  0.287  295.1  447.38  230.05  0.780   49696    -201   27392      6.74  1.000   2565   -3.25
  0  288.15  101325  1.225  340.3  156.99  156.99  0.237   67735   43128   78983     48.87  0.970    832   -3.00
  5  287.16   99508  1.207  339.7  158.13  156.99  0.239   67735   43105   78979     48.37  0.969    838   -3.00
 10  286.17   97717  1.190  339.1  164.34  161.99  0.249   67735   44238   80204     48.48  0.967    871   -3.00
 15  285.18   95952  1.172  338.5  175.75  171.99  0.267   67735   21084   57223     29.44  0.962    931   -3.00
 20  284.19   94213  1.155  337.9  207.85  201.99  0.316   67735    3751   40078     13.59  0.948   1091   -2.97
 30  282.21   90812  1.121  336.8  229.62  220.00  0.351   67735    3109   38015     13.40  0.937   1145   -2.82
 40  280.23   87511  1.088  335.6  232.96  220.00  0.357   67735    3040   37934     13.15  0.935   1159   -2.82
 60  276.26   81200  1.024  333.2  272.30  250.00  0.420   67735    1806   37801     12.71  0.913   1365   -2.84
 80  272.30   75262  0.963  330.8  280.34  250.00  0.436   67735    1537   37592     12.18  0.908   1399   -2.82
100  268.34   69682  0.905  328.4  334.08  290.00  0.523   67735    -747   41541     11.69  0.875   1884   -3.19
120  264.38   64441  0.849  326.0  343.94  290.00  0.543   67735   -1177   41244     11.17  0.867   1929   -3.17
140  260.41   59524  0.796  323.5  354.19  290.00  0.563   67735   -1600   40923     10.67  0.859   1973   -3.15
160  256.45   54915  0.746  321.0  364.83  290.00  0.585   67735   -1975   40588     10.20  0.851   2014   -3.13
180  252.49   50600  0.698  318.5  375.89  290.00  0.607   67735   -2272   40258      9.75  0.842   2052   -3.09
200  248.53   46563  0.653  316.0  387.37  290.00  0.631   67735   -2473   39964      9.34  0.833   2087   -3.05
220  244.56   42791  0.610  313.5  399.30  290.00  0.655   67735   -2569   39748      8.94  0.823   2121   -3.01
240  240.60   39271  0.569  311.0  411.68  290.00  0.681   67735   -2561   39661      8.57  0.813   2155   -2.96
260  236.64   35989  0.530  308.4  424.53  290.00  0.708   67735   -2460   39743      8.21  0.803   2192   -2.92
280  232.68   32932  0.493  305.8  437.87  290.00  0.737   67735   -2285   39970      7.85  0.792   2233   -2.89
290  230.70   31485  0.475  304.5  444.73  290.00  0.751   67735   -2177   40104      7.67  0.786   2253   -2.87
310  226.73   28745  0.442  301.9  457.68  289.21  0.780   67735   -1930   40290      7.33  1.088   3206   -3.97
330  222.77   26201  0.410  299.2  453.66  276.67  0.780   67735   -1498   38417      7.17  1.088   3004   -3.75
350  218.81   23842  0.380  296.5  449.61  264.42  0.780   67735   -1113   37089      7.03  1.088   2849   -3.59
370  216.65   21663  0.348  295.1  447.38  252.49  0.780   67735    -769   36474      6.92  1.000   2540   -3.21
390  216.65   19677  0.316  295.1  447.38  241.02  0.780   67735    -467   36842      6.82  1.000   2545   -3.22
410  216.65   17874  0.287  295.1  447.38  230.05  0.780   67735    -201   38599      6.74  1.000   2646   -3.35
  0  288.15  101325  1.225  340.3  169.16  169.16  0.256   79016   50021   92049     53.22  0.965    897   -3.00
  5  287.16   99508  1.207  339.7  170.38  169.16  0.258   79016   49989   92043     52.72  0.964    903   -3.00
 10  286.17   97717  1.190  339.1  176.68  174.16  0.268   79016   51150   93320     52.92  0.962    936   -3.00
 15  285.18   95952  1.172  338.5  188.17  184.16  0.286   79016   24276   66663     31.83  0.957    997   -3.00
 20  284.19   94213  1.155  337.9  220.35  214.16  0.335   79016    3371   47171     13.63  0.942   1188   -3.05
 30  282.21   90812  1.121  336.8  229.62  220.00  0.351   79016    3109   45946     13.40  0.937   1205   -2.97
 40  280.23   87511  1.088  335.6  232.96  220.00  0.357   79016    3040   45859     13.15  0.935   1219   -2.96
 60  276.26   81200  1.024  333.2  272.30  250.00  0.420   79016    1806   43088     12.71  0.913   1342   -2.79
 80  272.30   75262  0.963  330.8  280.34  250.00  0.436   79016    1537   42819     12.18  0.908   1373   -2.77
100  268.34   69682  0.905  328.4  334.08  290.00  0.523   79016    -747   44750     11.69  0.875   1738   -2.94
120  264.38   64441  0.849  326.0  343.94  290.00  0.543   79016   -1177   44389     11.17  0.867   1776   -2.92
140  260.41   59524  0.796  323.5  354.19  290.00  0.563   79016   -1600   44014     10.67  0.859   1814   -2.90
160  256.45   54915  0.746  321.0  364.83  290.00  0.585   79016   -1975   43642     10.20  0.851   1851   -2.87
180  252.49   50600  0.698  318.5  375.89  290.00  0.607   79016   -2272   43299      9.75  0.842   1885   -2.84
200  248.53   46563  0.653  316.0  387.37  290.00  0.631   79016   -2473   43021      9.34  0.833   1918   -2.80
220  244.56   42791  0.610  313.5  399.30  290.00  0.655   79016   -2569   42856      8.94  0.823   1951   -2.77
240  240.60   39271  0.569  311.0  411.68  290.00  0.681   79016   -2561   42847      8.57  0.813   1986   -2.73
260  236.64   35989  0.530  308.4  424.53  290.00  0.708   79016   -2460   43000      8.21  0.803   2024   -2.70
280  232.68   32932  0.493  305.8  437.87  290.00  0.737   79016   -2285   43230      7.85  0.792   2062   -2.66
290  230.70   31485  0.475  304.5  444.73  290.00  0.751   79016   -2177   43335      7.67  0.786   2079   -2.65
310  226.73   28745  0.442  301.9  457.68  289.21  0.780   79016   -1930   43722      7.33  1.088   2971   -3.68
330  222.77   26201  0.410  299.2  453.66  276.67  0.780   79016   -1498   42703      7.17  1.088   2852   -3.56
350  218.81   23842  0.380  296.5  449.61  264.42  0.780   79016   -1113   42646      7.03  1.088   2798   -3.52
370  216.65   21663  0.348  295.1  447.38  252.49  0.780   79016    -769   43978      6.92  1.000   2616   -3.31
390  216.65   19677  0.316  295.1  447.38  241.02  0.780   79016    -467   47352      6.82  1.000   2796   -3.54
410  216.65   17874  0.287  295.1  447.38  230.05  0.780   79016    -201   53805      6.74  1.000   3158   -4.00
  0  288.15  101325  1.225  340.3  170.00  170.00  0.257   49696   30331   30331     38.26  0.000      0    0.00
  5  287.16   99508  1.207  339.7  171.23  170.00  0.259   49696   30316   30316     37.88  0.000      0    0.00
 10  286.17   97717  1.190  339.1  172.46  170.00  0.262   49696   30300   30300     37.50  0.000      0    0.00
 15  285.18   95952  1.172  338.5  173.71  170.00  0.264   49696   30285   30285     37.12  0.000      0    0.00
 20  284.19   94213  1.155  337.9  174.98  170.00  0.266   49696   30269   30269     36.76  0.000      0    0.00
 30  282.21   90812  1.121  336.8  229.62  220.00  0.351   49696   28608   28608     34.41  0.000      0    0.00
 40  280.23   87511  1.088  335.6  232.96  220.00  0.357   49696   28568   28568     33.90  0.000      0    0.00
 60  276.26   81200  1.024  333.2  272.30  250.00  0.420   49696   31358   31358     36.40  0.000      0    0.00
 80  272.30   75262  0.963  330.8  280.34  250.00  0.436   49696   31263   31263     35.71  0.000      0    0.00
100  268.34   69682  0.905  328.4  288.70  250.00  0.452   49696   31149   31149     35.10  0.000      0    0.00
120  264.38   64441  0.849  326.0  297.41  250.00  0.469   49696   31013   31013     34.56  0.000      0    0.00
140  260.41   59524  0.796  323.5  342.30  280.00  0.544   49696   35373   35373     40.30  0.000      0    0.00
160  256.45   54915  0.746  321.0  352.65  280.00  0.565   49696   35139   35139     39.93  0.000      0    0.00
180  252.49   50600  0.698  318.5  363.41  280.00  0.587   49696   34879   34879     39.58  0.000      0    0.00
200  248.53   46563  0.653  316.0  374.59  280.00  0.610   49696   34605   34605     39.23  0.000      0    0.00
220  244.56   42791  0.610  313.5  386.21  280.00  0.634   49696   34341   34341     38.90  0.000      0    0.00
240  240.60   39271  0.569  311.0  398.29  280.00  0.659   49696   34122   34122     38.59  0.000      0    0.00
260  236.64   35989  0.530  308.4  410.83  280.00  0.685   49696   34002   34002     38.34  0.000      0    0.00
280  232.68   32932  0.493  305.8  423.85  280.00  0.713   49696   34041   34041     38.19  0.000      0    0.00
290  230.70   31485  0.475  304.5  430.55  280.00  0.727   49696   34134   34134     38.17  0.000      0    0.00
310  226.73   28745  0.442  301.9  444.32  280.00  0.757   49696   34458   34458     38.20  0.000      0    0.00
330  222.77   26201  0.410  299.2  453.66  276.67  0.780   49696   34151   34151     37.46  0.000      0    0.00
350  218.81   23842  0.380  296.5  449.61  264.42  0.780   49696   31930   31930     34.53  0.000      0    0.00
370  216.65   21663  0.348  295.1  447.38  252.49  0.780   49696   30026   30026     32.11  0.000      0    0.00
390  216.65   19677  0.316  295.1  447.38  241.02  0.780   49696   28496   28496     30.29  0.000      0    0.00
410  216.65   17874  0.287  295.1  447.38  230.05  0.780   49696   27392   27392     28.96  0.000      0    0.00
  0  288.15  101325  1.225  340.3  173.97  173.97  0.263   67735   48819   48819     52.18  0.000      0    0.00
  5  287.16   99508  1.207  339.7  174.99  173.74  0.265   67735   48943   48943     51.82  0.000      0    0.00
 10  286.17   97717  1.190  339.1  176.67  174.15  0.268   67735   48744   48744     51.23  0.000      0    0.00
 15  285.18   95952  1.172  338.5  178.33  174.53  0.271   67735   48560   48560     50.65  0.000      0    0.00
 20  284.19   94213  1.155  337.9  179.34  174.24  0.273   67735   48712   48712     50.34  0.000      0    0.00
 30  282.21   90812  1.121  336.8  229.62  220.00  0.351   67735   38015   38015     41.70  0.000      0    0.00
 40  280.23   87511  1.088  335.6  232.96  220.00  0.357   67735   37934   37934     41.12  0.000      0    0.00
 60  276.26   81200  1.024  333.2  272.30  250.00  0.420   67735   37801   37801     41.43  0.000      0    0.00
 80  272.30   75262  0.963  330.8  280.34  250.00  0.436   67735   37592   37592     40.65  0.000      0    0.00
100  268.34   69682  0.905  328.4  288.70  250.00  0.452   67735   37360   37360     39.96  0.000      0    0.00
120  264.38   64441  0.849  326.0  297.41  250.00  0.469   67735   37105   37105     39.34  0.000      0    0.00
140  260.41   59524  0.796  323.5  342.30  280.00  0.544   67735   39566   39566     43.70  0.000      0    0.00
160  256.45   54915  0.746  321.0  352.65  280.00  0.565   67735   39238   39238     43.27  0.000      0    0.00
180  252.49   50600  0.698  318.5  363.41  280.00  0.587   67735   38904   38904     42.87  0.000      0    0.00
200  248.53   46563  0.653  316.0  374.59  280.00  0.610   67735   38588   38588     42.50  0.000      0    0.00
220  244.56   42791  0.610  313.5  386.21  280.00  0.634   67735   38323   38323     42.17  0.000      0    0.00
240  240.60   39271  0.569  311.0  398.29  280.00  0.659   67735   38153   38153     41.92  0.000      0    0.00
260  236.64   35989  0.530  308.4  410.83  280.00  0.685   67735   38124   38124     41.77  0.000      0    0.00
280  232.68   32932  0.493  305.8  423.85  280.00  0.713   67735   38254   38254     41.74  0.000      0    0.00
290  230.70   31485  0.475  304.5  430.55  280.00  0.727   67735   38363   38363     41.76  0.000      0    0.00
310  226.73   28745  0.442  301.9  444.32  280.00  0.757   67735   38590   38590     41.82  0.000      0    0.00
330  222.77   26201  0.410  299.2  453.66  276.67  0.780   67735   38417   38417     41.35  0.000      0    0.00
350  218.81   23842  0.380  296.5  449.61  264.42  0.780   67735   37089   37089     39.38  0.000      0    0.00
370  216.65   21663  0.348  295.1  447.38  252.49  0.780   67735   36474   36474     38.53  0.000      0    0.00
390  216.65   19677  0.316  295.1  447.38  241.02  0.780   67735   36842   36842     39.42  0.000      0    0.00
410  216.65   17874  0.287  295.1  447.38  230.05  0.780   67735   38599   38599     43.22  0.000      0    0.00
  0  288.15  101325  1.225  340.3  189.18  189.18  0.286   79016   56185   56185     57.04  0.000      0    0.00
  5  287.16   99508  1.207  339.7  190.84  189.48  0.289   79016   56035   56035     56.51  0.000      0    0.00
 10  286.17   97717  1.190  339.1  192.49  189.75  0.292   79016   55899   55899     56.00  0.000      0    0.00
 15  285.18   95952  1.172  338.5  194.13  190.00  0.295   79016   55778   55778     55.51  0.000      0    0.00
 20  284.19   94213  1.155  337.9  195.76  190.22  0.298   79016   55670   55670     55.04  0.000      0    0.00
 30  282.21   90812  1.121  336.8  229.62  220.00  0.351   79016   45946   45946     47.70  0.000      0    0.00
 40  280.23   87511  1.088  335.6  232.96  220.00  0.357   79016   45859   45859     47.10  0.000      0    0.00
 60  276.26   81200  1.024  333.2  272.30  250.00  0.420   79016   43088   43088     45.55  0.000      0    0.00
 80  272.30   75262  0.963  330.8  280.34  250.00  0.436   79016   42819   42819     44.73  0.000      0    0.00
100  268.34   69682  0.905  328.4  288.70  250.00  0.452   79016   42530   42530     44.01  0.000      0    0.00
120  264.38   64441  0.849  326.0  297.41  250.00  0.469   79016   42221   42221     43.37  0.000      0    0.00
140  260.41   59524  0.796  323.5  342.30  280.00  0.544   79016   43030   43030     46.53  0.000      0    0.00
160  256.45   54915  0.746  321.0  352.65  280.00  0.565   79016   42658   42658     46.08  0.000      0    0.00
180  252.49   50600  0.698  318.5  363.41  280.00  0.587   79016   42302   42302     45.67  0.000      0    0.00
200  248.53   46563  0.653  316.0  374.59  280.00  0.610   79016   41991   41991     45.32  0.000      0    0.00
220  244.56   42791  0.610  313.5  386.21  280.00  0.634   79016   41768   41768     45.05  0.000      0    0.00
240  240.60   39271  0.569  311.0  398.29  280.00  0.659   79016   41676   41676     44.90  0.000      0    0.00
260  236.64   35989  0.530  308.4  410.83  280.00  0.685   79016   41746   41746     44.88  0.000      0    0.00
280  232.68   32932  0.493  305.8  423.85  280.00  0.713   79016   41947   41947     45.00  0.000      0    0.00
290  230.70   31485  0.475  304.5  430.55  280.00  0.727   79016   42057   42057     45.09  0.000      0    0.00
310  226.73   28745  0.442  301.9  444.32  280.00  0.757   79016   42255   42255     45.29  0.000      0    0.00
330  222.77   26201  0.410  299.2  453.66  276.67  0.780   79016   42703   42703     45.70  0.000      0    0.00
350  218.81   23842  0.380  296.5  449.61  264.42  0.780   79016   42646   42646     45.51  0.000      0    0.00
370  216.65   21663  0.348  295.1  447.38  252.49  0.780   79016   43978   43978     48.07  0.000      0    0.00
390  216.65   19677  0.316  295.1  447.38  241.02  0.780   79016   47352   47352     56.28  0.000      0    0.00
410  216.65   17874  0.287  295.1  447.38  230.05  0.780   79016   53805   53805     78.19  0.000      0    0.00